29.274562336608895 -0.1583746628335325
24.041630560342615 -0.10308160852270028
20.615528128088304 -0.06512516333438623
20.12461179749811 -0.2110933332227461
25.612496949731394 -0.5155490074589787
21.540659228538015 -0.23342802172396268
27.294688127912362 -0.11260925438889417
29.017236257093817 -0.21432260079198606
22.360679774997898 -0.049378433484517016
30.805843601498726 -0.15127444383536945
26.92582403567252 -0.31938649260687857
24.839484696748443 -0.16640939283343545
26.248809496813376 -0.15594466179168967
21.095023109728988 0
